5 0.2484375 0.08359375 0.3140625 0.09375
5 0.228125 0.60078125 0.45625 0.20625
5 0.20703125 0.50703125 0.4140625 0.1546875
5 0.24140625 0.35390625 0.4328125 0.1640625
5 0.27890625 0.296875 0.415625 0.1515625
5 0.23203125 0.24375 0.396875 0.1171875
5 0.253125 0.1984375 0.3859375 0.0796875
5 0.26171875 0.159375 0.3734375 0.0640625
5 0.26015625 0.1296875 0.3671875 0.078125
5 0.265625 0.09765625 0.3390625 0.065625
5 0.70703125 0.87109375 0.5859375 0.2578125
5 0.7015625 0.74609375 0.596875 0.2109375
5 0.721875 0.65703125 0.55625 0.1984375
5 0.7375 0.5703125 0.525 0.178125
5 0.76015625 0.50546875 0.4796875 0.1765625
5 0.759375 0.42890625 0.4796875 0.128125
5 0.7609375 0.371875 0.475 0.1453125
5 0.73046875 0.32109375 0.4359375 0.134375
5 0.73671875 0.26796875 0.440625 0.1015625
5 0.70859375 0.22421875 0.3953125 0.0875
5 0.71171875 0.1796875 0.39375 0.0765625
5 0.678125 0.15859375 0.35625 0.0828125
5 0.675 0.11953125 0.33125 0.06875
5 0.64375 0.09375 0.334375 0.078125