5 0.59921875 0.70078125 0.6546875 0.5984375
5 0.2078125 0.51328125 0.415625 0.4453125
5 0.27109375 0.39609375 0.375 0.265625
5 0.40390625 0.328125 0.321875 0.240625
5 0.4609375 0.28671875 0.30625 0.184375
5 0.51328125 0.24453125 0.2484375 0.1390625
5 0.5546875 0.2171875 0.23125 0.128125
5 0.6109375 0.1828125 0.190625 0.1078125
5 0.59609375 0.13984375 0.1515625 0.1
5 0.46640625 0.11796875 0.0640625 0.09375
5 0.4109375 0.1203125 0.065625 0.109375
5 0.3078125 0.109375 0.0828125 0.1078125
5 0.18125 0.18984375 0.1859375 0.153125
5 0.11484375 0.2046875 0.203125 0.1578125
5 0.08203125 0.23046875 0.1515625 0.1703125
5 0.0453125 0.2515625 0.078125 0.1484375
5 0.8515625 0.1390625 0.053125 0.078125
5 0.9203125 0.13671875 0.0578125 0.078125
5 0.98203125 0.16875 0.0359375 0.15
5 0.89765625 0.2046875 0.1234375 0.09375
5 0.80625 0.15859375 0.121875 0.0546875
5 0.85546875 0.21171875 0.234375 0.1078125
5 0.84375 0.23515625 0.2453125 0.1140625
5 0.840625 0.26796875 0.2671875 0.1359375
5 0.82890625 0.32734375 0.3375 0.2203125
5 0.80390625 0.36328125 0.3734375 0.2328125
5 0.7765625 0.4703125 0.4203125 0.3671875
5 0.6875 0.57109375 0.5625 0.4765625
5 0.434375 0.025 0.078125 0.05
5 0.25078125 0.03125 0.0453125 0.0625
5 0.19765625 0.04140625 0.0984375 0.0828125