5 0.196875 0.77421875 0.39375 0.4109375
5 0.7578125 0.78359375 0.4203125 0.396875
5 0.3375 0.61015625 0.328125 0.3265625
5 0.70546875 0.66484375 0.3421875 0.3
5 0.671875 0.6078125 0.328125 0.2671875
5 0.73515625 0.534375 0.1703125 0.1390625
5 0.74296875 0.41796875 0.15 0.1125
5 0.4859375 0.44921875 0.2390625 0.1625
5 0.496875 0.40390625 0.2109375 0.1109375
5 0.49296875 0.36171875 0.19375 0.0625
5 0.47109375 0.3609375 0.196875 0.0890625
5 0.45703125 0.35234375 0.196875 0.090625
5 0.453125 0.34375 0.1875 0.1
5 0.4421875 0.3359375 0.165625 0.109375
5 0.4 0.33125 0.1640625 0.1359375
5 0.37265625 0.3 0.1515625 0.1046875
5 0.36171875 0.26640625 0.140625 0.0640625
5 0.31328125 0.18046875 0.04375 0.078125
5 0.34609375 0.19140625 0.046875 0.075
5 0.48046875 0.23125 0.0546875 0.0921875
5 0.515625 0.21796875 0.0390625 0.0515625
5 0.384375 0.1625 0.0296875 0.03125
5 0.415625 0.16171875 0.021875 0.03125
5 0.43984375 0.1640625 0.028125 0.021875
5 0.46640625 0.1703125 0.028125 0.0328125
5 0.49765625 0.175 0.0359375 0.03125