5 0.28515625 0.803125 0.4984375 0.39375
5 0.79609375 0.70859375 0.4078125 0.4640625
5 0.39453125 0.6515625 0.3796875 0.3796875
5 0.75390625 0.61015625 0.3875 0.3578125
5 0.7078125 0.56484375 0.3671875 0.3234375
5 0.7484375 0.48046875 0.190625 0.16875
5 0.7265625 0.36875 0.165625 0.1390625
5 0.49296875 0.46328125 0.259375 0.2046875
5 0.4921875 0.4171875 0.2234375 0.15
5 0.478125 0.37890625 0.1953125 0.1015625
5 0.4578125 0.384375 0.2046875 0.1265625
5 0.4421875 0.37890625 0.2046875 0.128125
5 0.4359375 0.371875 0.196875 0.1359375
5 0.4234375 0.3671875 0.1796875 0.1390625
5 0.3828125 0.3734375 0.184375 0.1640625
5 0.34921875 0.3515625 0.165625 0.13125
5 0.33125 0.32265625 0.1453125 0.090625
5 0.2640625 0.253125 0.0578125 0.0828125
5 0.296875 0.25703125 0.0609375 0.08125
5 0.43359375 0.25859375 0.071875 0.0984375
5 0.46328125 0.2375 0.0484375 0.0578125
5 0.32578125 0.21953125 0.034375 0.0359375
5 0.3546875 0.2109375 0.028125 0.034375
5 0.378125 0.20703125 0.03125 0.0265625
5 0.40546875 0.20546875 0.0328125 0.0375
5 0.43515625 0.20234375 0.0421875 0.0375