5 0.23828125 0.096875 0.2828125 0.08046875
5 0.209375 0.565625 0.41796875 0.17890625
5 0.19140625 0.48125 0.38203125 0.13359375
5 0.228125 0.34140625 0.38828125 0.1421875
5 0.2625 0.290625 0.37265625 0.13046875
5 0.221875 0.2421875 0.35703125 0.1
5 0.24140625 0.20234375 0.34765625 0.0671875
5 0.24921875 0.16640625 0.33671875 0.0515625
5 0.2484375 0.13984375 0.3296875 0.06484375
5 0.25390625 0.11015625 0.30546875 0.053125
5 0.6859375 0.82421875 0.61171875 0.2359375
5 0.65546875 0.70546875 0.5734375 0.18046875
5 0.6765625 0.625 0.53515625 0.1703125
5 0.68828125 0.54609375 0.49921875 0.15390625
5 0.71484375 0.4890625 0.46796875 0.15234375
5 0.69921875 0.41875 0.43671875 0.10859375
5 0.69921875 0.36796875 0.428125 0.1234375
5 0.6703125 0.3203125 0.3921875 0.115625
5 0.6765625 0.271875 0.396875 0.08515625
5 0.65234375 0.23203125 0.35703125 0.0734375
5 0.65546875 0.1921875 0.3546875 0.06328125
5 0.62578125 0.171875 0.32109375 0.0703125
5 0.6234375 0.13671875 0.2984375 0.05703125
5 0.5953125 0.1125 0.30078125 0.06484375