5 0.303125 0.803125 0.60625 0.39375
5 0.3375 0.71875 0.675 0.5625
5 0.35 0.59375 0.7 0.5
5 0.34921875 0.44921875 0.5734375 0.365625
5 0.33828125 0.37578125 0.5015625 0.290625
5 0.36484375 0.31640625 0.4375 0.25
5 0.36015625 0.26015625 0.3921875 0.1984375
5 0.3234375 0.16796875 0.265625 0.196875
5 0.3421875 0.2375 0.3703125 0.1984375
5 0.35703125 0.215625 0.3453125 0.178125
5 0.7125 0.26875 0.1609375 0.21875
5 0.8078125 0.29140625 0.1640625 0.2203125
5 0.8890625 0.5 0.221875 0.365625
5 0.97421875 0.40078125 0.0515625 0.1578125
5 0.90234375 0.29375 0.1234375 0.171875
5 0.96953125 0.31328125 0.0609375 0.1734375