5 0.32578125 0.8640625 0.6515625 0.2671875
5 0.33984375 0.7828125 0.6796875 0.4171875
5 0.38203125 0.6421875 0.5953125 0.3328125
5 0.3578125 0.5109375 0.48359375 0.23203125
5 0.33359375 0.44765625 0.43046875 0.1734375
5 0.3453125 0.3890625 0.37578125 0.14765625
5 0.3296875 0.33984375 0.34296875 0.10625
5 0.27734375 0.26484375 0.21875 0.13515625
5 0.30859375 0.32265625 0.32109375 0.11171875
5 0.31796875 0.3 0.3015625 0.096875
5 0.64453125 0.27421875 0.11015625 0.1796875
5 0.73515625 0.275 0.1125 0.18125
5 0.890625 0.440625 0.21875 0.30234375
5 0.94765625 0.334375 0.10390625 0.13359375
5 0.81875 0.2578125 0.0828125 0.14296875
5 0.91015625 0.25546875 0.0796875 0.14453125
5 0.97421875 0.22734375 0.0515625 0.0953125