5 0.61875 0.67421875 0.7625 0.6515625
5 0.21796875 0.61953125 0.4359375 0.5265625
5 0.21640625 0.4890625 0.4328125 0.34375
5 0.3328125 0.38359375 0.375 0.3078125
5 0.3828125 0.3265625 0.3515625 0.246875
5 0.425 0.2703125 0.28125 0.190625
5 0.4609375 0.23203125 0.2609375 0.175
5 0.509375 0.18125 0.215625 0.1453125
5 0.48359375 0.13984375 0.175 0.1296875
5 0.34375 0.1515625 0.084375 0.109375
5 0.2875 0.16796875 0.0890625 0.125
5 0.17890625 0.18359375 0.10625 0.1265625
5 0.0890625 0.2984375 0.178125 0.19375
5 0.0609375 0.325 0.121875 0.1875
5 0.03515625 0.35859375 0.0703125 0.1921875
5 0.01875 0.38828125 0.0375 0.1609375
5 0.74609375 0.075 0.06875 0.090625
5 0.815625 0.0546875 0.0734375 0.0921875
5 0.89453125 0.0765625 0.0796875 0.153125
5 0.81015625 0.1296875 0.14375 0.11875
5 0.7046875 0.10703125 0.1359375 0.078125
5 0.76875 0.14765625 0.2625 0.1546875
5 0.7625 0.175 0.2734375 0.1625
5 0.7671875 0.2109375 0.3 0.1890625
5 0.7703125 0.27421875 0.3890625 0.290625
5 0.7546875 0.31796875 0.428125 0.3078125
5 0.7515625 0.43515625 0.496875 0.4578125
5 0.6765625 0.56171875 0.646875 0.5953125
5 0.28671875 0.06171875 0.090625 0.0703125
5 0.09921875 0.11328125 0.059375 0.0828125
5 0.053125 0.13671875 0.10625 0.1140625