5 0.3640625 0.88515625 0.684375 0.2296875
5 0.371875 0.796875 0.725 0.40625
5 0.3890625 0.6953125 0.678125 0.4109375
5 0.35234375 0.55234375 0.5484375 0.2921875
5 0.32109375 0.48515625 0.484375 0.2234375
5 0.32890625 0.41953125 0.4234375 0.1921875
5 0.30859375 0.36640625 0.384375 0.14375
5 0.2453125 0.28828125 0.25 0.165625
5 0.284375 0.35 0.3609375 0.146875
5 0.29296875 0.3234375 0.3375 0.1296875
5 0.6484375 0.2703125 0.134375 0.20625
5 0.74765625 0.26484375 0.1375 0.2078125
5 0.89921875 0.4359375 0.2015625 0.346875
5 0.9578125 0.315625 0.0703125 0.1515625
5 0.83828125 0.2390625 0.1015625 0.1640625
5 0.93828125 0.22890625 0.096875 0.165625