5 0.1828125 0.115625 0.2984375 0.1078125
5 0.20859375 0.59921875 0.415625 0.21875
5 0.184375 0.5125 0.36875 0.16875
5 0.2 0.36875 0.4 0.18125
5 0.225 0.3125 0.3953125 0.1671875
5 0.1828125 0.265625 0.365625 0.134375
5 0.1953125 0.2234375 0.3640625 0.1
5 0.2 0.1859375 0.3515625 0.0828125
5 0.19609375 0.1578125 0.3453125 0.096875
5 0.19921875 0.128125 0.31875 0.0828125
5 0.690625 0.8234375 0.61875 0.296875
5 0.66640625 0.703125 0.6046875 0.2375
5 0.68046875 0.61875 0.565625 0.2234375
5 0.68515625 0.5375 0.528125 0.203125
5 0.70703125 0.47578125 0.4953125 0.1984375
5 0.68515625 0.4046875 0.459375 0.1515625
5 0.68046875 0.35234375 0.4515625 0.165625
5 0.64609375 0.30625 0.4140625 0.153125
5 0.6484375 0.25546875 0.415625 0.1234375
5 0.6203125 0.2171875 0.3734375 0.1078125
5 0.61953125 0.17578125 0.3703125 0.096875
5 0.58671875 0.15859375 0.3359375 0.1015625
5 0.58125 0.121875 0.3125 0.0859375
5 0.5515625 0.09921875 0.315625 0.09375