5 0.60703125 0.7078125 0.62109375 0.584375
5 0.2078125 0.53046875 0.41484375 0.421875
5 0.275 0.4109375 0.3578125 0.24765625
5 0.40234375 0.33984375 0.30546875 0.22578125
5 0.45703125 0.29765625 0.29375 0.16953125
5 0.50625 0.2546875 0.2375 0.12890625
5 0.54609375 0.22734375 0.22109375 0.1171875
5 0.6 0.190625 0.1828125 0.0984375
5 0.58359375 0.14921875 0.14453125 0.0921875
5 0.45625 0.1328125 0.06015625 0.090625
5 0.4015625 0.13671875 0.0609375 0.1046875
5 0.3015625 0.1296875 0.078125 0.103125
5 0.18046875 0.21171875 0.17578125 0.14453125
5 0.115625 0.2296875 0.19296875 0.14765625
5 0.07890625 0.25625 0.15703125 0.16015625
5 0.04296875 0.278125 0.0859375 0.140625
5 0.8328125 0.140625 0.0484375 0.07421875
5 0.89921875 0.1359375 0.05390625 0.07421875
5 0.97265625 0.1640625 0.0546875 0.146875
5 0.8796875 0.20234375 0.1171875 0.0875
5 0.7890625 0.1609375 0.11796875 0.04921875
5 0.8390625 0.21015625 0.22578125 0.096875
5 0.828125 0.234375 0.2359375 0.103125
5 0.82578125 0.26640625 0.25703125 0.1234375
5 0.81640625 0.32421875 0.32265625 0.2046875
5 0.79375 0.3609375 0.35703125 0.2140625
5 0.7703125 0.46640625 0.3984375 0.34609375
5 0.6875 0.56796875 0.53359375 0.44765625
5 0.42421875 0.03515625 0.07421875 0.06328125
5 0.24296875 0.04921875 0.0421875 0.0765625
5 0.1921875 0.0625 0.09296875 0.0875