1 0.2125 0.53828125 0.0375 0.0359375
1 0.26484375 0.63125 0.0890625 0.1015625
1 0.13828125 0.74296875 0.1609375 0.1578125
1 0.3078125 0.89609375 0.196875 0.1640625
1 0.4875 0.83828125 0.0734375 0.1046875
1 0.72421875 0.5484375 0.046875 0.0625
1 0.53046875 0.478125 0.0359375 0.0484375
1 0.59375 0.48515625 0.028125 0.04375
1 0.46953125 0.4609375 0.0234375 0.025
1 0.6578125 0.42734375 0.0234375 0.021875
2 0.71328125 0.43046875 0.090625 0.08125
2 0.55 0.43515625 0.0578125 0.059375
2 0.3546875 0.51484375 0.05625 0.0859375
2 0.5953125 0.51953125 0.1125 0.1109375
7 0.62578125 0.68046875 0.0625 0.0953125