1 0.51875 0.48203125 0.0234375 0.028125
1 0.24140625 0.56484375 0.040625 0.0375
1 0.1046875 0.828125 0.0921875 0.121875
1 0.33984375 0.92890625 0.2046875 0.1421875
1 0.534375 0.8921875 0.075 0.1125
1 0.5859375 0.50546875 0.04375 0.0578125
1 0.63984375 0.484375 0.046875 0.0703125
2 0.61875 0.46640625 0.0734375 0.075
2 0.64921875 0.53515625 0.1171875 0.1171875
2 0.6796875 0.403125 0.059375 0.059375
2 0.6609375 0.3734375 0.05 0.04375
2 0.3984375 0.540625 0.0578125 0.090625
1 0.359375 0.60390625 0.090625 0.0875
7 0.68828125 0.621875 0.0578125 0.084375