1 0.22109375 0.45625 0.03046875 0.028125
1 0.24453125 0.5578125 0.06640625 0.08515625
1 0.0953125 0.6296875 0.12890625 0.1234375
1 0.2140625 0.8203125 0.16640625 0.11953125
1 0.39921875 0.8140625 0.0484375 0.09375
1 0.7015625 0.6046875 0.03359375 0.05390625
1 0.5375 0.4859375 0.025 0.04140625
1 0.59609375 0.509375 0.01640625 0.03984375
1 0.484375 0.453125 0.01796875 0.02109375
1 0.671875 0.471875 0.01796875 0.0171875
2 0.72265625 0.490625 0.0765625 0.0609375
2 0.5671875 0.45078125 0.04609375 0.046875
2 0.36171875 0.4734375 0.034375 0.078125
2 0.5875 0.5421875 0.0890625 0.08828125
7 0.57265625 0.70234375 0.040625 0.08515625