1 0.4625 0.44453125 0.0234375 0.028125
1 0.20390625 0.53671875 0.0390625 0.0375
1 0.09453125 0.79140625 0.0765625 0.1125
1 0.31640625 0.890625 0.1984375 0.16875
1 0.49765625 0.83203125 0.075 0.1078125
1 0.5265625 0.46328125 0.04375 0.05625
1 0.5765625 0.440625 0.046875 0.0671875
2 0.55546875 0.42421875 0.071875 0.071875
2 0.58828125 0.48828125 0.115625 0.1140625
2 0.61015625 0.3625 0.0578125 0.0578125
2 0.590625 0.33515625 0.0484375 0.04375
2 0.35078125 0.50625 0.0578125 0.0859375
1 0.31640625 0.56796875 0.0890625 0.0859375
7 0.62890625 0.56796875 0.0578125 0.08125