1 0.1953125 0.44921875 0.0359375 0.0328125
1 0.2109375 0.5609375 0.0796875 0.0984375
1 0.05859375 0.6234375 0.1171875 0.14375
1 0.153125 0.8421875 0.1921875 0.1453125
1 0.3546875 0.853125 0.0625 0.10625
1 0.70234375 0.6546875 0.040625 0.0609375
1 0.53515625 0.5109375 0.03125 0.046875
1 0.596875 0.54140625 0.021875 0.0453125
1 0.48046875 0.4703125 0.021875 0.025
1 0.68203125 0.5078125 0.0203125 0.0203125
2 0.7359375 0.53359375 0.0890625 0.0734375
2 0.57109375 0.475 0.0546875 0.0546875
2 0.34609375 0.48046875 0.0453125 0.0875
2 0.584375 0.5765625 0.1046875 0.1046875
7 0.55390625 0.74765625 0.0515625 0.0953125