1 32 2
33 134 1
135 725 0
726 844 3
845 974 1
975 1410 2
1411 1556 1
1557 1664 3
1665 2356 1
2357 2500 2
2501 2570 1
2571 2790 2
2791 2947 1
2948 3133 3
3134 3294 1
3295 3410 2
3411 3532 1
3533 3647 3
3648 3743 1
3744 4072 2
4073 4194 1
4195 4353 3
4354 4483 1
4484 4969 2
4970 5101 1
5102 5221 3
5222 5337 1
5338 5623 2
5624 5736 1
5737 5865 3
5866 6006 1
6007 6218 2
6219 6354 1
6355 6646 3
6647 6787 1
6788 6923 2
6924 7045 1
7046 7158 3
7159 7298 1
7299 7680 2
7681 7745 1
7746 8559 2
8560 8795 1
8796 9181 0
9182 9732 3
9733 9974 1
9975 10163 2
10164 10329 1
10330 10834 3
10835 10975 1
10976 11295 2
11296 11409 1
11410 11539 3
11540 11678 1
11679 12017 2
12018 12176 1
12177 12339 3
12340 12481 1
12482 12622 2
12623 12771 1
12772 12870 3
12871 13008 1
13009 13472 2
13473 13611 1
13612 13740 3
13741 13883 1
13884 13977 0
13978 14100 1
14101 14697 2
14698 14746 1
14747 15050 2
15051 15642 0
15643 15767 2
15768 15910 4
15911 16374 2
16375 16418 1
