1 118 1
119 186 3
187 300 1
301 496 2
497 629 1
630 721 3
722 808 1
809 1062 2
1063 1180 1
1181 1274 3
1275 1358 1
1359 1585 2
1586 1732 1
1733 1852 3
1853 1963 1
1964 2138 2
2139 2318 1
2319 2408 3
2409 2503 1
2504 2930 2
2931 3090 1
3091 3188 3
3189 3335 1
3336 3539 2
3540 3688 1
3689 3764 3
3765 3873 1
3874 4292 2
4293 4440 1
4441 4539 3
4540 4632 1
4633 4835 2
4836 4979 1
4980 5123 3
5124 5307 1
5308 5552 2
5553 5800 1
5801 5874 0
5875 6104 1
6105 6465 2
6466 6990 0
6991 7052 1
7053 7380 2
7381 7629 1
7630 7828 0
7829 7878 3
7879 7959 1
7960 8164 2
8165 8265 1
8266 8320 3
8321 8379 1
8380 8553 2
8554 8651 1
8652 8702 3
8703 8811 1
8812 9168 2
9169 9327 1
9328 9384 3
9385 9490 1
9491 9781 2
9782 9944 1
9945 10002 3
10003 10070 1
10071 10290 2
10291 10427 1
10428 10497 3
10498 10571 1
10572 10811 2
10812 10926 1
10927 11009 3
11010 11089 1
11090 11325 2
11326 11436 1
11437 11501 3
11502 11608 1
11609 11888 2
11889 12076 1
12077 12155 3
12156 12255 1
12256 12301 0
12302 12395 1
12396 13573 0
13574 14171 2
14172 14219 0
14220 14477 2
14478 14667 1
14668 14724 3
14725 14848 1
14849 15115 2
15116 15296 1
15297 15366 3
15367 15474 1
15475 15812 2
15813 15864 1
