1 66 2
67 332 1
333 485 3
486 692 1
693 759 0
760 930 2
931 1180 1
1181 1329 3
1330 1576 1
1577 1811 2
1812 2077 1
2078 2242 3
2243 2450 1
2451 2798 2
2799 3050 1
3051 3180 3
3181 3370 1
3371 3564 2
3565 3766 1
3767 3884 3
3885 4066 1
4067 4257 2
4258 4508 1
4509 4635 3
4636 4815 1
4816 4905 0
4906 5130 2
5131 5367 1
5368 5477 3
5478 5660 1
5661 5818 2
5819 6083 1
6084 6217 3
6218 6379 1
6380 6623 2
6624 6793 1
6794 6940 3
6941 7100 1
7101 7343 2
7344 7640 1
7641 7737 3
7738 7917 1
7918 8071 2
8072 8245 1
8246 8491 0
