1 145 2
146 305 1
306 370 3
371 454 1
455 680 2
681 812 1
813 897 3
898 995 1
996 1218 2
1219 1335 1
1336 1435 3
1436 1555 1
1556 1811 2
1812 1948 1
1949 2028 3
2029 2157 1
2158 2399 2
2400 2538 1
2539 2621 3
2622 2753 1
2754 3217 2
3218 3362 1
3363 3445 3
3446 3551 1
3552 3711 2
3712 3817 1
3818 3934 3
3935 4059 1
4060 4204 2
4205 4333 1
4334 4434 3
4435 4548 1
4549 4708 2
4709 4829 1
4830 4957 3
4958 5038 1
5039 5181 2
5182 5295 1
5296 5420 3
5421 5532 1
5533 5871 2
5872 5934 1
5935 6187 2
6188 6544 2
6545 6701 1
6702 6968 4
6969 7103 1
7104 7316 0
