1 118 1
119 644 0
645 729 1
730 825 0
826 1040 1
1041 1365 0
1366 1500 3
1501 1710 1
1711 1981 2
1982 2230 1
2231 2394 3
2395 2629 1
2630 2855 2
2856 3083 1
3084 3239 3
3240 3478 1
3479 3746 2
3747 3971 1
3972 4161 3
4162 4376 1
4377 4705 2
4706 4970 1
4971 5092 3
5093 5281 1
5282 5488 2
5489 5690 1
5691 5817 3
5818 6003 1
6004 6191 2
6192 6443 1
6444 6570 3
6571 6754 1
6755 7079 2
7080 7300 1
7301 7406 3
7407 7612 1
7613 7770 2
7771 8008 1
8009 8162 3
8163 8305 1
8306 8563 2
8564 8727 1
8728 8886 3
8887 9036 1
9037 9290 2
9291 9559 1
9560 9667 3
9668 9862 1
9863 10041 2
10042 10104 1
10105 10480 0
10481 10539 4
10540 11381 0
